314 -1 -1 -1 -1
0 532 255 551 272
1 530 255 551 271
2 531 253 552 274
3 530 255 551 273
4 531 255 550 272
5 531 253 551 274
6 529 254 552 272
7 530 253 552 274
8 531 254 552 276
9 529 252 553 275
10 530 251 551 274
11 531 252 550 274
12 530 252 551 273
13 528 254 551 274
14 530 254 551 275
15 531 254 554 275
16 529 252 553 273
17 528 251 554 277
18 531 252 553 274
19 529 253 552 274
20 530 253 553 275
21 529 252 552 275
22 529 251 552 276
23 529 253 554 277
24 530 253 553 277
25 529 252 555 276
26 529 252 556 276
27 529 252 554 275
28 526 250 554 276
29 530 253 552 276
30 528 250 554 277
31 529 250 555 275
32 530 253 553 274
33 529 251 554 277
34 532 251 553 276
35 529 251 554 277
36 529 253 554 277
37 529 252 554 277
38 529 252 551 274
39 529 252 552 274
40 529 254 555 274
41 532 252 551 275
42 530 253 555 275
43 530 254 552 276
44 529 252 553 273
45 529 252 552 273
46 530 251 554 277
47 518 254 547 279
48 499 263 525 287
49 498 265 526 289
50 475 270 509 294
51 456 278 483 303
52 435 283 465 311
53 412 294 446 318
54 393 300 428 325
55 394 300 428 325
56 378 306 406 330
57 360 316 388 338
58 362 322 395 344
59 374 327 404 352
60 386 334 416 361
61 386 333 417 361
62 395 338 427 366
63 406 344 436 372
64 415 351 447 378
65 425 360 459 384
66 437 366 468 394
67 435 363 466 394
68 445 372 479 401
69 454 378 487 407
70 464 387 499 413
71 474 393 507 424
72 486 402 517 429
73 485 400 517 430
74 492 406 529 437
75 508 414 540 444
76 517 422 546 451
77 529 429 559 458
78 537 435 569 466
79 538 434 567 467
80 549 444 579 476
81 557 451 592 482
82 568 460 605 487
83 580 466 614 496
84 590 472 623 506
85 590 475 621 506
86 603 482 635 513
87 612 489 649 519
88 625 497 660 530
89 635 504 672 539
90 646 512 683 545
91 648 512 683 547
92 661 521 695 555
93 673 529 705 564
94 686 539 717 571
95 696 549 731 577
96 711 556 741 585
97 708 558 747 583
98 723 568 756 589
99 738 558 771 584
100 752 550 787 583
101 766 545 798 576
102 779 539 812 572
103 784 544 812 568
104 798 538 824 560
105 812 532 836 555
106 823 528 851 551
107 838 522 862 548
108 851 518 874 542
109 851 518 875 540
110 862 513 891 536
111 876 507 901 533
112 888 504 913 527
113 902 499 929 524
114 912 494 940 520
115 913 494 940 517
116 924 490 951 512
117 939 486 963 511
118 934 478 957 503
119 923 475 947 500
120 911 471 938 494
121 912 472 936 494
122 902 466 926 490
123 892 463 916 485
124 882 457 911 482
125 874 454 900 479
126 865 450 890 473
127 867 452 893 474
128 859 446 881 468
129 852 443 871 463
130 840 438 864 461
131 833 434 857 455
132 825 429 849 455
133 827 430 850 452
134 829 429 851 449
135 829 424 852 447
136 829 424 852 447
137 825 419 850 442
138 825 416 851 441
140 825 415 850 436
141 823 411 851 435
142 824 409 848 431
143 820 406 843 427
144 821 402 847 428
145 822 404 845 427
146 821 402 846 422
147 821 397 841 419
148 821 396 845 416
149 820 393 845 415
150 818 389 843 413
151 818 390 845 412
152 820 389 841 409
153 817 385 840 407
154 818 383 841 407
155 815 381 840 403
156 815 379 841 403
157 817 378 840 401
158 817 376 839 397
159 814 374 840 396
160 816 372 837 394
161 815 371 839 393
162 813 366 837 389
163 815 367 840 389
164 814 366 837 389
165 811 363 837 383
166 813 359 835 385
167 811 360 837 378
168 812 358 834 377
169 810 357 836 378
170 810 355 836 376
171 812 353 834 373
172 811 349 834 372
173 809 346 833 372
174 810 347 833 371
175 809 348 831 367
176 810 344 831 365
177 810 344 833 366
178 810 340 829 364
179 807 339 831 360
180 806 336 828 358
181 807 335 831 361
182 808 334 830 356
184 806 330 829 355
185 807 331 829 351
186 806 327 829 347
187 807 328 829 351
188 806 327 829 349
189 806 324 829 348
190 806 323 827 344
191 806 320 827 341
192 804 321 828 342
193 804 319 826 341
194 805 319 827 339
195 804 316 826 338
196 803 315 828 336
197 802 311 825 336
198 804 311 825 333
199 802 310 824 336
200 801 309 826 330
201 801 308 825 328
202 801 305 824 325
203 801 305 825 325
204 801 303 825 325
205 800 303 827 324
206 802 301 824 322
207 801 300 823 322
208 801 299 824 321
209 800 296 824 319
210 801 297 821 316
211 801 297 823 316
212 800 294 822 317
213 801 292 822 313
214 801 291 822 311
215 798 291 824 312
216 799 287 822 312
217 799 288 822 309
218 799 288 823 308
219 799 286 821 308
220 799 284 821 307
221 799 283 820 303
222 797 283 821 304
223 798 283 819 305
224 797 280 821 303
225 797 279 821 300
226 798 277 820 299
227 797 277 820 300
228 797 274 818 296
229 797 276 819 296
230 797 276 820 294
231 796 275 821 295
232 798 272 821 294
233 797 272 820 291
234 794 270 821 290
235 796 271 819 292
236 795 271 819 290
237 793 269 817 288
238 794 267 818 286
239 797 266 820 285
240 795 266 818 285
241 795 265 815 285
242 795 266 819 284
243 796 262 818 283
244 796 261 817 280
245 795 260 817 280
246 795 261 818 278
247 795 260 817 279
248 796 260 817 279
249 795 257 817 275
250 795 258 817 277
251 795 256 817 276
252 794 255 817 277
253 794 255 815 275
254 795 255 816 274
255 794 252 816 272
256 795 253 815 272
257 791 250 816 270
258 795 250 816 270
259 794 250 816 270
260 793 250 816 269
262 792 249 814 268
263 794 247 814 267
264 795 244 813 265
265 795 245 815 265
266 792 246 817 266
267 793 245 814 265
268 790 242 815 262
269 789 241 814 261
270 791 241 816 261
271 790 241 815 261
272 790 241 815 261
273 790 241 815 261
274 789 239 814 259
275 789 238 814 258
276 789 238 814 258
277 789 238 814 258
278 789 237 814 257
279 790 236 815 256
280 789 235 814 255
281 789 235 814 255
282 789 234 814 254
283 790 234 815 254
284 788 233 813 253
285 789 233 814 253
286 790 233 815 253
287 791 232 816 252
288 793 232 814 251
289 792 231 813 250
290 792 230 813 249
291 792 230 813 249
292 792 229 813 248
293 792 229 813 248
294 791 228 812 247
295 791 228 812 247
296 791 228 812 247
297 791 228 812 247
298 790 227 811 246
299 790 226 811 245
300 792 226 813 245
301 792 226 813 245
302 791 225 812 244
303 791 225 812 244
304 792 224 813 243
305 791 224 812 243
306 790 224 811 243
307 790 224 811 243
308 790 223 811 242
309 792 223 813 242
