314 -1 -1 -1 -1
0 807 430 833 455
1 810 429 830 450
2 809 430 829 450
3 808 429 833 451
4 808 431 831 452
5 808 431 833 455
6 808 428 833 451
7 808 427 833 452
8 808 428 832 450
9 805 426 832 452
10 806 427 834 452
11 810 426 833 454
12 807 427 833 455
13 806 427 833 451
14 808 427 834 452
15 807 428 834 453
16 808 426 834 457
17 810 425 834 454
18 806 427 833 451
19 805 427 835 455
20 806 426 834 453
21 807 427 832 455
22 809 427 834 455
24 806 426 834 455
25 806 425 833 455
26 806 427 833 455
27 805 427 836 455
28 806 426 834 455
29 809 427 832 455
30 806 426 834 455
31 806 427 836 455
32 806 426 834 454
33 807 426 834 455
34 806 427 836 457
35 806 425 834 455
36 806 426 837 457
37 806 427 833 456
38 807 427 835 456
39 808 427 835 455
40 808 424 832 454
41 809 426 834 454
42 805 424 834 456
43 809 428 833 455
44 807 427 834 454
45 808 426 834 455
46 806 428 838 455
47 808 426 834 455
48 808 426 833 455
49 805 427 835 455
50 804 426 836 455
51 806 427 832 453
52 806 427 835 453
53 806 428 835 453
54 806 427 834 453
55 806 427 834 453
56 807 427 834 452
57 806 425 834 455
58 805 427 834 452
59 806 427 834 455
60 806 424 834 454
61 806 425 834 456
62 806 425 834 455
63 806 425 834 454
64 806 427 836 455
65 806 427 836 455
66 807 427 834 457
67 807 426 835 457
68 806 426 834 456
69 806 427 835 455
70 806 427 834 454
71 806 424 837 455
72 808 426 834 455
73 806 427 835 456
74 807 427 834 455
75 808 428 834 455
76 807 424 837 455
77 807 427 834 454
78 806 426 836 456
79 806 427 835 455
80 808 427 834 456
81 807 427 837 457
82 807 424 834 456
83 805 424 834 454
84 806 426 834 458
85 806 426 836 458
86 804 425 837 457
87 805 424 833 459
88 806 425 834 456
89 802 426 835 457
90 806 423 831 457
91 804 425 834 458
92 805 422 834 459
93 806 426 834 459
94 806 423 834 456
95 806 426 834 458
96 809 424 832 459
97 806 425 834 456
98 804 425 836 456
99 806 425 836 456
100 806 424 833 456
101 807 425 831 456
102 807 427 834 456
103 809 429 830 452
104 807 429 832 450
105 809 429 831 451
106 809 430 830 450
107 808 429 829 452
108 809 429 832 451
109 809 430 831 450
110 810 430 829 449
111 809 429 829 450
112 810 430 829 450
113 808 428 829 451
114 808 429 829 452
115 809 428 830 451
116 810 430 830 450
117 808 429 831 450
118 810 427 830 452
119 810 429 831 450
120 807 430 832 453
121 808 428 831 450
122 807 429 831 452
123 809 428 829 450
124 808 428 833 450
125 806 429 831 452
126 809 427 832 452
127 810 428 831 450
128 809 427 832 451
129 807 430 831 450
130 810 428 829 449
131 810 429 829 450
132 809 431 825 449
133 808 427 829 450
134 799 427 819 451
135 790 427 812 450
136 780 425 802 449
137 776 424 798 447
138 768 423 793 445
139 768 423 791 447
140 762 422 785 444
141 756 421 775 443
142 750 422 770 440
143 742 420 767 441
144 737 419 757 439
145 736 418 760 441
146 731 417 751 442
147 724 417 746 441
148 717 416 740 437
149 711 413 736 438
150 706 413 728 437
151 706 414 727 436
152 699 413 723 437
153 691 411 718 434
154 688 412 707 433
155 678 410 704 431
156 677 408 698 433
157 673 407 699 431
158 670 406 693 432
159 665 408 686 433
160 657 407 683 430
161 652 405 677 428
162 649 405 670 428
163 649 405 669 427
164 640 406 664 426
165 635 405 662 426
166 629 404 654 425
167 624 402 647 427
168 620 400 641 422
169 620 402 643 423
170 612 400 638 423
171 610 399 632 422
172 603 397 629 423
173 599 397 621 422
174 593 397 613 418
175 593 399 616 422
176 594 405 610 421
177 584 396 604 416
178 578 394 600 421
179 572 395 595 418
180 568 394 591 416
181 566 394 591 417
182 561 393 585 416
183 555 394 580 416
184 554 389 576 416
185 548 392 572 415
186 543 391 567 415
187 544 392 567 413
188 538 390 563 414
189 534 389 558 414
190 528 389 551 411
191 525 389 549 411
192 520 388 545 409
193 520 387 543 411
194 517 386 538 410
195 512 385 534 408
196 506 386 533 407
197 503 386 527 407
198 499 383 524 407
199 498 383 523 408
200 497 383 519 409
201 490 383 516 405
202 486 382 512 405
203 483 383 506 405
204 478 381 504 404
205 479 382 502 402
206 475 381 499 404
207 471 379 493 401
208 465 379 491 401
209 462 379 486 403
210 459 379 483 400
211 460 379 481 400
212 454 377 479 400
213 452 378 475 398
214 449 377 470 400
215 444 376 468 398
216 441 377 464 401
217 440 377 465 398
218 437 376 461 397
219 434 375 455 399
220 429 375 455 398
221 427 373 450 397
222 423 375 448 396
223 423 371 445 398
224 419 372 444 394
225 415 373 439 395
226 414 371 437 393
227 411 370 433 395
228 406 372 430 394
229 406 369 432 393
230 404 369 428 392
231 400 369 423 391
232 398 369 419 391
233 395 369 419 390
234 391 367 414 389
235 390 370 417 390
236 388 370 414 391
237 385 368 410 389
238 383 367 408 389
239 380 369 406 387
240 376 366 400 389
241 378 367 401 388
242 375 365 399 388
243 373 366 396 389
244 370 364 394 384
245 369 366 388 388
246 363 365 389 385
247 365 366 387 386
248 362 364 384 385
249 359 364 381 385
250 358 364 382 385
251 355 361 378 383
252 353 363 374 383
253 352 363 376 383
254 351 363 376 382
255 349 361 372 383
256 346 362 369 383
257 344 362 366 381
258 342 361 364 381
259 342 361 365 381
260 340 360 362 380
261 337 361 360 380
262 338 361 357 378
263 333 359 356 379
264 335 361 351 375
265 336 361 354 376
