196 -1 -1 -1 -1
0 859 519 890 550
1 863 522 888 550
2 859 520 889 544
3 861 522 890 549
4 860 521 886 547
5 860 521 888 547
6 858 518 893 549
7 862 520 888 546
8 860 520 887 547
9 861 521 889 548
10 860 521 887 547
11 858 520 893 547
12 861 521 890 546
13 860 520 887 550
14 860 522 890 547
15 861 518 889 549
16 864 521 886 545
17 859 522 890 547
18 862 520 890 547
19 862 521 889 548
20 859 521 889 546
21 857 520 890 547
22 861 519 887 548
23 849 501 880 533
24 829 462 863 499
25 807 425 844 459
26 790 396 823 427
27 793 394 823 427
28 772 362 806 396
29 758 333 784 364
30 743 309 771 338
31 728 279 756 310
32 712 256 741 283
33 712 256 740 281
34 701 233 727 260
35 690 211 712 238
36 676 190 702 216
37 667 171 690 194
38 655 152 680 175
39 654 152 681 173
40 645 134 669 157
41 634 117 660 141
42 629 101 648 122
43 617 87 640 107
44 610 72 633 95
45 611 72 632 91
46 605 58 623 78
47 604 54 629 74
48 612 53 632 73
49 616 50 635 70
50 618 50 640 69
51 620 48 640 68
52 623 48 646 67
53 627 44 650 66
54 631 45 656 66
55 636 46 657 66
56 639 46 662 67
57 641 48 660 65
58 644 48 665 67
59 649 50 669 68
60 651 50 672 69
61 656 50 674 69
62 659 51 679 70
63 658 51 680 71
64 662 50 681 70
65 663 52 685 74
66 668 54 690 72
67 672 53 690 73
68 675 55 696 75
69 674 55 695 74
70 679 56 701 76
71 681 59 704 77
72 685 59 706 78
73 689 59 710 81
74 692 60 713 80
75 690 60 714 79
76 694 61 717 81
77 699 61 718 83
78 699 62 723 83
79 703 64 727 82
80 707 65 728 83
81 708 63 726 83
82 711 66 732 84
83 713 66 734 86
84 716 65 738 88
85 719 67 742 86
86 721 67 744 88
87 723 69 742 89
88 726 69 746 88
89 729 69 749 89
90 730 70 752 91
91 731 72 756 90
92 734 71 759 91
93 737 71 757 93
94 737 73 761 94
95 741 74 764 94
96 744 72 766 93
97 747 72 767 95
98 749 75 770 95
99 748 74 772 96
100 752 75 774 95
101 755 77 778 97
102 758 78 779 97
103 761 77 781 97
104 762 79 784 98
105 763 78 784 99
106 766 78 785 102
107 766 81 789 99
108 770 80 791 102
109 770 82 793 102
110 774 82 796 103
111 775 82 796 102
112 776 83 798 103
113 779 82 800 103
114 781 83 801 103
115 783 83 803 105
116 786 84 806 104
117 784 83 806 104
118 788 85 808 105
119 789 86 812 105
120 790 87 815 108
121 794 87 814 104
122 795 88 817 106
123 793 86 817 104
124 798 88 820 107
125 797 88 819 107
126 800 90 822 109
127 802 89 827 111
128 806 89 826 109
129 805 88 825 108
130 807 88 827 108
131 809 91 830 110
132 810 91 831 110
133 812 92 833 111
134 814 92 835 111
135 814 90 835 109
136 815 93 838 112
137 815 92 838 111
138 817 93 840 112
139 820 94 843 113
140 820 94 843 113
141 820 93 843 112
142 821 93 844 112
143 824 95 847 114
144 826 94 849 113
145 827 96 850 115
146 827 95 850 114
147 827 95 850 114
148 829 95 852 114
149 830 96 853 115
150 830 96 853 115
151 833 97 856 116
152 832 96 857 114
153 833 96 858 114
154 835 96 859 116
155 836 97 860 117
156 836 97 860 117
157 837 98 861 118
158 840 97 864 117
159 838 98 862 118
160 843 98 864 116
161 845 98 862 118
162 844 96 865 118
163 844 97 865 119
164 845 97 866 119
165 847 98 868 120
166 846 98 867 120
167 847 98 868 120
168 848 97 869 119
169 849 98 870 120
170 849 98 870 120
171 850 98 871 120
172 850 99 871 121
173 850 98 871 120
174 851 99 872 121
175 851 98 872 120
176 853 99 874 121
177 852 99 873 121
178 852 98 873 120
179 853 99 874 121
180 853 99 874 121
181 854 99 875 121
182 854 99 875 121
183 855 99 876 121
184 855 99 876 121
185 855 99 876 121
186 856 99 877 121
187 856 99 877 121
188 855 99 876 121
189 856 99 877 121
190 856 99 877 121
