196 -1 -1 -1 -1
0 592 52 614 71
1 594 50 612 70
2 595 55 617 71
3 594 54 614 69
4 595 53 612 67
5 595 54 612 69
6 596 53 613 69
7 596 54 614 69
8 593 50 616 70
9 595 52 614 70
10 595 52 612 69
11 594 51 616 71
12 593 52 615 68
13 595 51 612 69
14 594 50 614 70
15 594 51 614 70
16 592 51 614 68
17 590 50 615 70
18 592 53 615 70
19 595 54 612 71
20 595 51 612 71
21 593 51 612 70
22 595 53 613 69
23 594 52 612 68
24 594 51 614 69
25 592 50 614 70
26 595 53 615 72
27 593 51 613 71
28 593 52 613 69
29 591 50 615 70
30 594 50 612 67
31 593 50 614 70
32 593 51 616 70
33 591 49 614 68
34 594 50 612 70
35 593 51 617 71
36 594 49 615 71
37 592 52 616 70
38 594 52 615 70
39 595 50 614 69
40 595 50 614 70
41 593 51 615 70
42 595 50 615 70
43 595 51 614 69
44 595 50 615 71
45 592 51 615 70
46 594 49 616 69
47 585 46 607 66
48 579 55 601 76
49 573 66 595 87
50 567 74 590 93
51 567 74 589 95
52 562 83 583 104
53 556 92 579 112
54 553 94 573 121
55 547 108 570 128
56 544 114 564 136
57 544 113 563 135
58 538 122 559 144
59 534 128 553 150
60 528 139 549 161
61 524 145 544 168
62 517 154 535 177
63 518 155 536 177
64 512 163 534 187
65 506 172 529 195
66 501 180 524 202
67 494 190 520 211
68 490 197 516 221
69 490 196 515 222
70 485 209 510 229
71 480 216 503 239
72 473 226 497 248
73 467 234 492 257
74 463 244 487 266
75 462 242 488 266
76 458 252 482 277
77 450 262 474 286
78 445 270 472 296
79 440 282 465 304
80 434 290 458 316
81 434 293 459 316
82 428 298 451 326
83 423 312 447 333
84 415 319 440 343
85 409 328 434 356
86 403 339 426 366
87 405 341 427 365
88 398 351 421 375
89 390 361 413 387
90 384 372 407 398
91 379 384 401 410
92 367 395 395 422
93 370 395 394 421
94 363 403 388 434
95 356 418 383 444
96 348 428 374 457
97 342 439 368 466
98 334 450 361 480
99 336 450 362 478
100 329 461 354 487
101 323 474 345 500
102 316 486 340 516
103 305 498 330 528
104 300 510 325 540
105 297 509 326 539
106 291 524 316 553
107 282 536 312 566
108 274 548 301 578
109 267 562 296 592
110 257 575 285 605
111 260 574 285 605
112 250 589 279 619
113 242 603 267 633
114 235 617 261 644
115 230 629 261 652
116 226 632 253 653
117 227 632 252 655
118 224 634 247 655
119 225 640 247 655
120 215 641 235 658
